C -2.433600 -0.708480 0.000000
C -1.244780 -1.402580 0.000000
C -0.000002 -0.716892 0.000000
C 0.000002 0.716891 0.000000
C -1.244760 1.402570 0.000000
C -2.433600 0.708481 0.000000
H 1.242040 -2.490270 0.000000
H -3.378340 -1.245590 0.000000
H -1.242040 -2.490280 0.000000
C 1.244760 -1.402580 0.000000
C 1.244780 1.402580 0.000000
H -1.242040 2.490270 0.000000
H -3.378330 1.245590 0.000000
C 2.433600 0.708481 0.000000
C 2.433590 -0.708480 0.000000
H 1.242030 2.490280 0.000000
H 3.378350 1.245590 0.000000
H 3.378340 -1.245590 0.000000
